\e[49m ¬† ¬† ¬† ¬†\e[38;5;235;49m‚ĖĄ\e[38;5;235;48;5;234m‚ĖĄ\e[38;5;25;48;5;236m‚ĖĄ\e[38;5;27;48;5;236m‚ĖĄ‚ĖĄ‚ĖĄ‚ĖĄ\e[38;5;25;48;5;235m‚ĖĄ\e[38;5;235;48;5;234m‚ĖĄ\e[38;5;235;49m‚ĖĄ\e[49m ¬† ¬† ¬† ¬†\e[m
\e[49m ¬† ¬† \e[38;5;235;49m‚ĖĄ\e[38;5;24;48;5;235m‚ĖĄ\e[38;5;26;48;5;236m‚ĖĄ\e[38;5;27;48;5;25m‚ĖĄ\e[38;5;25;48;5;25m‚ĖĄ‚ĖĄ\e[38;5;27;48;5;27m‚ĖĄ‚ĖĄ‚ĖĄ\e[38;5;63;48;5;27m‚ĖĄ\e[38;5;25;48;5;25m‚ĖĄ\e[38;5;62;48;5;61m‚ĖĄ\e[38;5;63;48;5;60m‚ĖĄ\e[38;5;62;48;5;236m‚ĖĄ\e[38;5;237;48;5;235m‚ĖĄ\e[38;5;235;49m‚ĖĄ\e[49m ¬† ¬† \e[m
\e[49m ¬† \e[38;5;235;49m‚ĖĄ\e[38;5;24;48;5;235m‚ĖĄ\e[38;5;27;48;5;24m‚ĖĄ\e[38;5;27;48;5;27m‚ĖĄ‚ĖĄ‚ĖĄ\e[38;5;25;48;5;25m‚ĖĄ‚ĖĄ\e[38;5;63;48;5;27m‚ĖĄ\e[38;5;63;48;5;63m‚ĖĄ‚ĖĄ‚ĖĄ\e[38;5;61;48;5;61m‚ĖĄ\e[38;5;62;48;5;62m‚ĖĄ\e[38;5;63;48;5;63m‚ĖĄ‚ĖĄ‚ĖĄ\e[38;5;63;48;5;238m‚ĖĄ\e[38;5;237;48;5;235m‚ĖĄ\e[38;5;234;49m‚ĖĄ\e[49m ¬† \e[m
\e[49m ¬†\e[38;5;235;48;5;234m‚ĖĄ\e[38;5;25;48;5;235m‚ĖĄ\e[38;5;27;48;5;26m‚ĖĄ\e[38;5;27;48;5;27m‚ĖĄ‚ĖĄ‚ĖĄ‚ĖĄ\e[38;5;26;48;5;25m‚ĖĄ\e[38;5;61;48;5;25m‚ĖĄ\e[38;5;63;48;5;63m‚ĖĄ‚ĖĄ‚ĖĄ‚ĖĄ\e[38;5;61;48;5;61m‚ĖĄ\e[38;5;62;48;5;62m‚ĖĄ\e[38;5;63;48;5;63m‚ĖĄ‚ĖĄ\e[38;5;99;48;5;63m‚ĖĄ\e[38;5;99;48;5;99m‚ĖĄ\e[38;5;99;48;5;62m‚ĖĄ\e[38;5;60;48;5;235m‚ĖĄ\e[38;5;235;49m‚ĖĄ\e[49m ¬†\e[m
\e[49m ¬†\e[38;5;236;48;5;236m‚ĖĄ\e[38;5;27;48;5;26m‚ĖĄ\e[38;5;27;48;5;27m‚ĖĄ‚ĖĄ‚ĖĄ‚ĖĄ‚ĖĄ\e[38;5;63;48;5;63m‚ĖĄ‚ĖĄ‚ĖĄ‚ĖĄ‚ĖĄ‚ĖĄ‚ĖĄ‚ĖĄ‚ĖĄ\e[38;5;99;48;5;63m‚ĖĄ\e[38;5;99;48;5;99m‚ĖĄ‚ĖĄ‚ĖĄ\e[38;5;99;48;5;98m‚ĖĄ\e[38;5;237;48;5;236m‚ĖĄ\e[49m ¬†\e[m
\e[38;5;235;49m‚ĖĄ\e[38;5;235;48;5;233m‚ĖĄ\e[38;5;24;48;5;237m‚ĖĄ\e[38;5;27;48;5;27m‚ĖĄ\e[38;5;27;48;5;26m‚ĖĄ\e[38;5;27;48;5;24m‚ĖĄ\e[38;5;27;48;5;237m‚ĖĄ\e[38;5;63;48;5;237m‚ĖĄ‚ĖĄ\e[38;5;63;48;5;238m‚ĖĄ\e[38;5;63;48;5;60m‚ĖĄ‚ĖĄ‚ĖĄ‚ĖĄ‚ĖĄ‚ĖĄ\e[38;5;63;48;5;238m‚ĖĄ\e[38;5;99;48;5;238m‚ĖĄ\e[38;5;99;48;5;237m‚ĖĄ\e[38;5;99;48;5;238m‚ĖĄ\e[38;5;99;48;5;239m‚ĖĄ\e[38;5;99;48;5;98m‚ĖĄ\e[38;5;135;48;5;99m‚ĖĄ\e[38;5;239;48;5;238m‚ĖĄ\e[38;5;235;49m‚ĖĄ‚ĖĄ\e[m
\e[38;5;235;48;5;236m‚ĖĄ\e[38;5;236;48;5;26m‚ĖĄ\e[38;5;236;48;5;27m‚ĖĄ\e[38;5;237;48;5;27m‚ĖĄ‚ĖĄ‚ĖĄ\e[38;5;237;48;5;63m‚ĖĄ‚ĖĄ‚ĖĄ‚ĖĄ‚ĖĄ‚ĖĄ‚ĖĄ‚ĖĄ‚ĖĄ‚ĖĄ\e[38;5;237;48;5;99m‚ĖĄ‚ĖĄ‚ĖĄ\e[38;5;238;48;5;99m‚ĖĄ‚ĖĄ‚ĖĄ\e[38;5;238;48;5;135m‚ĖĄ\e[38;5;237;48;5;135m‚ĖĄ\e[38;5;237;48;5;98m‚ĖĄ\e[38;5;235;48;5;237m‚ĖĄ\e[m
\e[38;5;235;48;5;234m‚ĖĄ\e[38;5;239;48;5;235m‚ĖĄ\e[38;5;238;48;5;237m‚ĖĄ\e[38;5;252;48;5;249m‚ĖĄ\e[38;5;255;48;5;252m‚ĖĄ\e[38;5;255;48;5;188m‚ĖĄ\e[38;5;253;48;5;188m‚ĖĄ\e[38;5;241;48;5;188m‚ĖĄ\e[38;5;239;48;5;188m‚ĖĄ\e[38;5;249;48;5;188m‚ĖĄ\e[38;5;255;48;5;188m‚ĖĄ‚ĖĄ‚ĖĄ‚ĖĄ‚ĖĄ‚ĖĄ\e[38;5;8;48;5;188m‚ĖĄ\e[38;5;238;48;5;188m‚ĖĄ\e[38;5;246;48;5;188m‚ĖĄ\e[38;5;255;48;5;188m‚ĖĄ‚ĖĄ\e[38;5;255;48;5;252m‚ĖĄ\e[38;5;188;48;5;250m‚ĖĄ\e[38;5;238;48;5;236m‚ĖĄ\e[38;5;239;48;5;235m‚ĖĄ\e[38;5;235;49m‚ĖĄ\e[m
\e[38;5;237;48;5;237m‚ĖĄ\e[38;5;7;48;5;7m‚ĖĄ\e[48;5;241m \e[48;5;252m \e[48;5;255m ¬†\e[38;5;238;48;5;242m‚ĖĄ\e[48;5;235m \e[38;5;247;48;5;241m‚ĖĄ\e[38;5;237;48;5;236m‚ĖĄ\e[38;5;248;48;5;7m‚ĖĄ\e[48;5;255m ¬† ¬†\e[38;5;59;48;5;247m‚ĖĄ\e[38;5;235;48;5;235m‚ĖĄ\e[38;5;243;48;5;239m‚ĖĄ\e[38;5;59;48;5;237m‚ĖĄ\e[38;5;8;48;5;247m‚ĖĄ\e[48;5;255m ¬†\e[48;5;188m \e[38;5;243;48;5;243m‚ĖĄ\e[38;5;7;48;5;250m‚ĖĄ\e[38;5;236;48;5;236m‚ĖĄ\e[m
\e[38;5;237;48;5;237m‚ĖĄ\e[38;5;248;48;5;7m‚ĖĄ\e[38;5;59;48;5;241m‚ĖĄ\e[48;5;252m \e[48;5;255m ¬†\e[38;5;252;48;5;242m‚ĖĄ\e[38;5;240;48;5;235m‚ĖĄ\e[38;5;238;48;5;235m‚ĖĄ\e[38;5;246;48;5;235m‚ĖĄ\e[38;5;255;48;5;7m‚ĖĄ\e[48;5;255m ¬† ¬†\e[38;5;254;48;5;246m‚ĖĄ\e[38;5;242;48;5;235m‚ĖĄ\e[38;5;238;48;5;235m‚ĖĄ\e[38;5;243;48;5;235m‚ĖĄ\e[38;5;255;48;5;247m‚ĖĄ\e[48;5;255m ¬†\e[48;5;188m \e[38;5;242;48;5;243m‚ĖĄ\e[38;5;247;48;5;7m‚ĖĄ\e[38;5;236;48;5;236m‚ĖĄ\e[m
\e[49;38;5;235m‚ĖÄ\e[49;38;5;236m‚ĖÄ\e[38;5;236;48;5;237m‚ĖĄ\e[38;5;250;48;5;252m‚ĖĄ\e[38;5;254;48;5;255m‚ĖĄ\e[38;5;255;48;5;255m‚ĖĄ\e[48;5;255m \e[38;5;255;48;5;255m‚ĖĄ‚ĖĄ‚ĖĄ\e[38;5;8;48;5;188m‚ĖĄ\e[38;5;240;48;5;255m‚ĖĄ\e[38;5;243;48;5;255m‚ĖĄ‚ĖĄ\e[38;5;240;48;5;255m‚ĖĄ\e[38;5;102;48;5;252m‚ĖĄ\e[48;5;255m \e[38;5;255;48;5;255m‚ĖĄ‚ĖĄ\e[48;5;255m ¬†\e[38;5;254;48;5;255m‚ĖĄ\e[38;5;248;48;5;188m‚ĖĄ\e[38;5;235;48;5;236m‚ĖĄ\e[49;38;5;236m‚ĖÄ\e[49;38;5;235m‚ĖÄ\e[m
\e[49m ¬†\e[49;38;5;235m‚ĖÄ\e[38;5;235;48;5;238m‚ĖĄ\e[38;5;239;48;5;252m‚ĖĄ\e[38;5;247;48;5;255m‚ĖĄ\e[38;5;250;48;5;255m‚ĖĄ‚ĖĄ‚ĖĄ‚ĖĄ‚ĖĄ\e[38;5;250;48;5;254m‚ĖĄ\e[38;5;250;48;5;188m‚ĖĄ‚ĖĄ\e[38;5;250;48;5;254m‚ĖĄ\e[38;5;250;48;5;255m‚ĖĄ‚ĖĄ‚ĖĄ‚ĖĄ‚ĖĄ\e[38;5;246;48;5;255m‚ĖĄ\e[38;5;238;48;5;7m‚ĖĄ\e[38;5;235;48;5;237m‚ĖĄ\e[49;38;5;235m‚ĖÄ\e[49m ¬†\e[m
\e[49m ¬† \e[38;5;235;49m‚ĖĄ\e[38;5;238;48;5;235m‚ĖĄ\e[38;5;240;48;5;235m‚ĖĄ\e[38;5;235;48;5;236m‚ĖĄ\e[38;5;234;48;5;236m‚ĖĄ\e[38;5;237;48;5;236m‚ĖĄ\e[38;5;238;48;5;236m‚ĖĄ‚ĖĄ‚ĖĄ‚ĖĄ‚ĖĄ‚ĖĄ‚ĖĄ‚ĖĄ\e[38;5;237;48;5;236m‚ĖĄ\e[38;5;234;48;5;236m‚ĖĄ\e[38;5;236;48;5;236m‚ĖĄ\e[38;5;240;48;5;235m‚ĖĄ\e[38;5;238;48;5;234m‚ĖĄ\e[38;5;234;49m‚ĖĄ\e[49m ¬† \e[m
\e[49m ¬†\e[38;5;235;49m‚ĖĄ\e[38;5;236;48;5;235m‚ĖĄ\e[38;5;253;48;5;7m‚ĖĄ\e[38;5;254;48;5;188m‚ĖĄ\e[38;5;243;48;5;241m‚ĖĄ\e[38;5;235;48;5;235m‚ĖĄ\e[38;5;246;48;5;245m‚ĖĄ\e[38;5;254;48;5;252m‚ĖĄ‚ĖĄ\e[38;5;252;48;5;252m‚ĖĄ\e[38;5;253;48;5;252m‚ĖĄ\e[38;5;111;48;5;252m‚ĖĄ\e[38;5;252;48;5;252m‚ĖĄ\e[38;5;254;48;5;252m‚ĖĄ‚ĖĄ\e[38;5;245;48;5;102m‚ĖĄ\e[38;5;235;48;5;234m‚ĖĄ\e[38;5;243;48;5;242m‚ĖĄ\e[38;5;254;48;5;253m‚ĖĄ\e[38;5;188;48;5;145m‚ĖĄ\e[38;5;235;48;5;235m‚ĖĄ\e[38;5;234;49m‚ĖĄ\e[49m ¬†\e[m
\e[49m ¬†\e[38;5;235;48;5;234m‚ĖĄ\e[38;5;238;48;5;237m‚ĖĄ\e[38;5;254;48;5;253m‚ĖĄ\e[48;5;254m \e[38;5;242;48;5;242m‚ĖĄ\e[38;5;235;48;5;235m‚ĖĄ\e[38;5;245;48;5;246m‚ĖĄ\e[38;5;253;48;5;254m‚ĖĄ\e[38;5;69;48;5;111m‚ĖĄ\e[38;5;110;48;5;69m‚ĖĄ\e[38;5;69;48;5;152m‚ĖĄ\e[38;5;252;48;5;69m‚ĖĄ\e[38;5;111;48;5;69m‚ĖĄ\e[38;5;111;48;5;146m‚ĖĄ\e[38;5;253;48;5;254m‚ĖĄ\e[38;5;8;48;5;245m‚ĖĄ\e[38;5;234;48;5;235m‚ĖĄ\e[38;5;242;48;5;243m‚ĖĄ\e[48;5;254m \e[38;5;254;48;5;253m‚ĖĄ\e[38;5;238;48;5;236m‚ĖĄ\e[38;5;235;48;5;235m‚ĖĄ\e[49m ¬†\e[m
\e[49m ¬†\e[38;5;235;48;5;235m‚ĖĄ\e[38;5;242;48;5;238m‚ĖĄ\e[38;5;245;48;5;248m‚ĖĄ\e[38;5;245;48;5;249m‚ĖĄ\e[38;5;239;48;5;241m‚ĖĄ\e[38;5;235;49m‚ĖĄ\e[38;5;235;48;5;239m‚ĖĄ\e[38;5;8;48;5;254m‚ĖĄ\e[38;5;188;48;5;254m‚ĖĄ\e[38;5;254;48;5;252m‚ĖĄ\e[38;5;254;48;5;111m‚ĖĄ\e[38;5;254;48;5;253m‚ĖĄ‚ĖĄ\e[38;5;252;48;5;254m‚ĖĄ\e[38;5;241;48;5;254m‚ĖĄ\e[38;5;235;48;5;237m‚ĖĄ\e[38;5;235;49m‚ĖĄ\e[38;5;242;48;5;240m‚ĖĄ\e[38;5;246;48;5;247m‚ĖĄ\e[38;5;245;48;5;249m‚ĖĄ\e[38;5;238;48;5;239m‚ĖĄ\e[38;5;235;48;5;235m‚ĖĄ\e[49m ¬†\e[m
\e[49m \e[38;5;235;48;5;235m‚ĖĄ\e[38;5;252;48;5;243m‚ĖĄ\e[38;5;255;48;5;255m‚ĖĄ\e[48;5;255m \e[38;5;255;48;5;255m‚ĖĄ\e[38;5;255;48;5;254m‚ĖĄ\e[38;5;145;48;5;236m‚ĖĄ\e[38;5;235;48;5;234m‚ĖĄ\e[49;38;5;235m‚ĖÄ\e[38;5;235;48;5;237m‚ĖĄ\e[38;5;235;48;5;8m‚ĖĄ\e[38;5;235;48;5;247m‚ĖĄ‚ĖĄ\e[38;5;235;48;5;243m‚ĖĄ\e[38;5;235;48;5;236m‚ĖĄ\e[49;38;5;235m‚ĖÄ\e[38;5;237;48;5;235m‚ĖĄ\e[38;5;252;48;5;247m‚ĖĄ\e[38;5;255;48;5;255m‚ĖĄ\e[48;5;255m ¬†\e[38;5;255;48;5;255m‚ĖĄ\e[38;5;245;48;5;238m‚ĖĄ\e[38;5;235;49m‚ĖĄ\e[49m \e[m
\e[49;38;5;233m‚ĖÄ\e[38;5;235;48;5;236m‚ĖĄ\e[38;5;235;48;5;249m‚ĖĄ\e[38;5;235;48;5;246m‚ĖĄ\e[38;5;235;48;5;241m‚ĖĄ\e[38;5;234;48;5;238m‚ĖĄ\e[38;5;235;48;5;236m‚ĖĄ\e[38;5;235;48;5;235m‚ĖĄ‚ĖĄ\e[38;5;235;49m‚ĖĄ\e[38;5;234;49m‚ĖĄ\e[49m ¬† ¬†\e[38;5;234;49m‚ĖĄ\e[38;5;235;49m‚ĖĄ\e[38;5;235;48;5;235m‚ĖĄ‚ĖĄ\e[38;5;235;48;5;236m‚ĖĄ\e[38;5;235;48;5;239m‚ĖĄ\e[38;5;235;48;5;243m‚ĖĄ\e[38;5;235;48;5;249m‚ĖĄ\e[38;5;235;48;5;245m‚ĖĄ\e[48;5;235m \e[49m \e[m
\e[49m ¬† ¬†\e[38;5;235;48;5;235m‚ĖĄ\e[38;5;26;48;5;235m‚ĖĄ\e[38;5;27;48;5;24m‚ĖĄ\e[38;5;27;48;5;26m‚ĖĄ‚ĖĄ\e[38;5;27;48;5;25m‚ĖĄ\e[38;5;26;48;5;235m‚ĖĄ\e[38;5;235;48;5;234m‚ĖĄ\e[38;5;233;49m‚ĖĄ\e[38;5;234;49m‚ĖĄ\e[38;5;235;48;5;234m‚ĖĄ\e[38;5;26;48;5;235m‚ĖĄ\e[38;5;27;48;5;25m‚ĖĄ\e[38;5;27;48;5;26m‚ĖĄ‚ĖĄ\e[38;5;27;48;5;24m‚ĖĄ\e[38;5;25;48;5;235m‚ĖĄ\e[38;5;235;48;5;234m‚ĖĄ\e[49m ¬† ¬†\e[m
\e[49m ¬† \e[38;5;235;48;5;235m‚ĖĄ\e[38;5;236;48;5;237m‚ĖĄ\e[38;5;236;48;5;27m‚ĖĄ‚ĖĄ‚ĖĄ‚ĖĄ‚ĖĄ‚ĖĄ\e[38;5;236;48;5;237m‚ĖĄ\e[38;5;235;48;5;235m‚ĖĄ‚ĖĄ\e[38;5;236;48;5;24m‚ĖĄ\e[38;5;236;48;5;27m‚ĖĄ‚ĖĄ‚ĖĄ‚ĖĄ‚ĖĄ‚ĖĄ\e[38;5;235;48;5;236m‚ĖĄ\e[38;5;235;48;5;233m‚ĖĄ\e[49m ¬† \e[m